高安 1591336460660 8.0 0.6
高安 1591336461693 6.5 0.4
高安 1591336462695 39.4 0.4
高安 1591336463695 23.7 0.8
高安 1591336464696 30.3 0.7
高安 1591336465696 35.6 0.8
高安 1591336466697 2.9 0.3
高安 1591336467698 -6.8 0.7
高安 1591336468698 16.4 0.6
高安 1591336469698 -6.4 0.7
高安 1591336470699 12.4 0.7
高安 1591336471702 12.9 0.5
高安 1591336472702 37.5 0.3
高安 1591336473702 12.1 0.6
高安 1591336474703 15.5 0.5
高安 1591336475703 -0.6 0.7
高安 1591336476703 34.0 0.3
高安 1591336477704 25.6 0.6
高安 1591336478704 22.5 0.3
高安 1591336479705 -1.0 0.8
高安 1591336480705 13.7 0.8
高安 1591336481707 13.0 0.7
高安 1591336482708 22.1 0.5
高安 1591336483708 36.8 0.5
高安 1591336484709 -3.1 0.8
高安 1591336485710 22.2 0.5
高安 1591336486711 34.4 0.4
高安 1591336487711 14.6 0.6
高安 1591336488712 38.1 0.3
高安 1591336489713 24.5 0.2
高安 1591336490715 11.1 0.2
高安 1591336491716 36.4 0.5
高安 1591336492717 3.2 0.5
高安 1591336493718 13.6 0.7
高安 1591336494718 -2.0 0.6
高安 1591336495719 29.3 0.7
高安 1591336496719 31.8 0.3
高安 1591336497719 11.9 0.7
高安 1591336498719 3.6 0.4
高安 1591336499720 24.4 0.4
高安 1591336500720 34.2 0.8
高安 1591336501721 28.4 0.7
高安 1591336502721 20.7 0.8
高安 1591336503721 -6.1 0.5
高安 1591336504721 37.4 0.7
高安 1591336505721 1.9 0.6
高安 1591336506722 -1.9 0.3
高安 1591336507724 34.0 0.7
高安 1591336508725 29.6 0.6
高安 1591336634957 32.2 0.3
高安 1591336635988 21.1 0.3
高安 1591336636988 0.8 0.4
高安 1591336637989 16.6 0.3
高安 1591336638990 13.3 0.6
高安 1591336639991 7.5 0.6
高安 1591336640991 13.4 0.4
高安 1591336641993 17.4 0.5
高安 1591336642994 -3.8 0.5
高安 1591336643995 0.4 0.6
高安 1591336644995 29.2 0.4
高安 1591336645996 0.8 0.2
高安 1591336646996 30.5 0.7
高安 1591336647997 28.1 0.7
高安 1591336648997 25.5 0.5
高安 1591336649998 5.6 0.7
高安 1591336650998 24.3 0.3
高安 1591336652000 0.6 0.2
高安 1591336653002 39.8 0.7
高安 1591336654003 19.4 0.5
高安 1591421695315 24.2 0.7
高安 1591421696349 18.1 0.6
高安 1591421697351 24.9 0.4
高安 1591421698351 10.5 0.4
高安 1591421699352 33.7 0.5
高安 1591421700353 30.5 0.2
高安 1591421701353 -4.0 0.3
高安 1591421702353 5.3 0.7
高安 1591421703354 -7.2 0.2
高安 1591421704355 33.2 0.8
高安 1591421705355 1.3 0.4
高安 1591421706356 1.0 0.6
高安 1591421707358 -3.9 0.3
高安 1591421708359 -4.6 0.7
高安 1591421709359 11.1 0.6
高安 1591421710360 13.1 0.5
高安 1591421711360 24.3 0.3
高安 1591421712361 32.3 0.5
高安 1591423992237 6.9 0.5
高安 1591423993271 31.1 0.8
高安 1591423994272 -0.9 0.7
高安 1591423995272 -8.8 0.6
高安 1591423996272 13.8 0.7
高安 1591423997272 2.2 0.3
高安 1591423998272 27.2 0.7
高安 1591423999273 5.4 0.5
高安 1591424000274 29.1 0.6
高安 1591424001274 34.7 0.6
高安 1591424002274 -7.0 0.3
高安 1591424003275 8.3 0.5
高安 1591424004276 30.8 0.7
高安 1591424005277 9.9 0.7
高安 1591424006279 38.2 0.3
高安 1591424007279 0.4 0.6
高安 1591424008280 31.0 0.3
高安 1591424009280 39.7 0.8
高安 1591424010280 9.9 0.6
高安 1591424011281 -0.6 0.5
高安 1591424012282 11.9 0.3
高安 1591424013283 26.3 0.2
高安 1591424014283 -5.8 0.3
高安 1591424093898 17.2 0.5
高安 1591424094899 28.6 0.5
高安 1591424095902 37.1 0.3
高安 1591424096902 36.4 0.8
高安 1591424097904 27.4 0.5
高安 1591424098905 18.5 0.6
高安 1591424099906 24.4 0.6
高安 1591424100907 36.4 0.7
高安 1591424101908 21.2 0.3
高安 1591424102908 9.4 0.5
高安 1591424103909 1.4 0.4
高安 1591424104910 -8.9 0.6
高安 1591424105910 -7.7 0.3
高安 1591424106911 6.1 0.2
高安 1591424107911 -6.6 0.7
高安 1591424108911 37.4 0.5
高安 1591424109912 24.6 0.5
高安 1591424110913 5.2 0.2
高安 1591424111914 33.5 0.5
高安 1591424112915 21.1 0.3
高安 1591424113916 28.7 0.5
高安 1591424114918 7.4 0.5
高安 1591424115918 12.1 0.4
高安 1591424116919 21.1 0.5
高安 1591424117920 6.7 0.6
高安 1591424118920 31.3 0.4
高安 1591424119920 27.9 0.8
高安 1591424120923 7.0 0.2
高安 1591424121923 25.4 0.3
高安 1591424122923 6.0 0.6
高安 1591424123924 -9.0 0.6
高安 1591424124924 0.9 0.3
高安 1591424125924 29.6 0.5
高安 1591424126925 8.0 0.5
高安 1591424127927 6.9 0.4
高安 1591424128928 1.1 0.5
高安 1591424129928 -3.8 0.6
高安 1591424130929 3.4 0.6
高安 1591424131930 15.2 0.5
高安 1591424132930 -5.6 0.2
高安 1591424133931 36.0 0.4
高安 1591424134932 8.3 0.4
高安 1591424135934 37.2 0.4
高安 1591424136934 12.2 0.5
高安 1591424137934 34.7 0.4
高安 1591424138934 8.4 0.5
高安 1591424139935 35.2 0.8
高安 1591424140936 25.6 0.5
高安 1591424141936 22.2 0.3
高安 1591424142937 -3.9 0.7
高安 1591424143937 33.1 0.3
高安 1591424144938 -4.8 0.6
高安 1591424145938 37.5 0.3
高安 1591424146939 -6.7 0.6
高安 1591424147939 39.1 0.5
高安 1591424148940 30.6 0.8
高安 1591424149941 28.3 0.5
高安 1591798211269 18.7 0.7
高安 1591798212299 25.7 0.8
高安 1591798213300 8.9 0.2
高安 1591798214301 29.2 0.7
高安 1591798215302 16.2 0.7
高安 1591798216303 33.3 0.3
高安 1591798217304 4.8 0.2
高安 1591798218305 9.9 0.5
高安 1591798219306 6.2 0.7
高安 1591798220306 -5.6 0.5
高安 1591798221307 3.2 0.3
高安 1591798222307 29.8 0.4
高安 1591798223307 25.8 0.5
高安 1591798224308 21.6 0.8
高安 1591798225308 8.2 0.6
高安 1591798226308 32.2 0.6
高安 1591798227309 28.5 0.4
高安 1591798228309 33.3 0.5
高安 1591798229310 35.3 0.3
高安 1591798230312 10.8 0.4
高安 1591798231312 19.8 0.8
高安 1591798232312 8.5 0.5
高安 1591798233313 15.4 0.6
高安 1591798234313 30.7 0.4
高安 1591798235314 20.0 0.3
高安 1591798236314 -9.2 0.7
高安 1591798237315 -4.7 0.3
高安 1591798238315 1.1 0.6
高安 1591798239315 10.7 0.8
高安 1591798240315 1.2 0.5
高安 1591798241317 2.8 0.4
高安 1591798242318 0.0 0.6
高安 1591798243319 2.5 0.4
高安 1591798244319 21.8 0.4
高安 1591798245321 13.3 0.8
高安 1591798246322 13.8 0.2
高安 1591798247323 34.6 0.3
高安 1591798248323 9.2 0.6
高安 1591798252009 -1.9 0.8
高安 1591798253011 28.7 0.6
高安 1591798254012 36.9 0.8
高安 1591798255013 13.5 0.7
高安 1591798256014 22.9 0.7
高安 1591798257014 -8.7 0.2
高安 1591798258014 9.9 0.5
高安 1591798259014 38.4 0.3
高安 1591798260014 34.9 0.6
高安 1591798261015 10.5 0.5
高安 1591798262015 22.7 0.6
高安 1591798263016 1.3 0.7
高安 1591798264016 33.8 0.2
高安 1591798265018 25.9 0.3
高安 1591798266021 3.4 0.7
高安 1591798267021 11.6 0.4
高安 1591798268022 31.1 0.8
高安 1591798269022 -5.0 0.5
高安 1591798270023 -2.3 0.7
高安 1591798271023 27.0 0.8
高安 1591798272023 20.4 0.5
高安 1591798273025 -5.5 0.4
高安 1591798274025 25.9 0.2
高安 1591798275025 33.8 0.5
高安 1591798276026 1.9 0.8
高安 1591798277026 32.8 0.8
高安 1591798278027 31.5 0.4
高安 1591798279029 9.0 0.2
高安 1591798280029 2.3 0.7
高安 1591798281030 -0.5 0.7
高安 1591798282030 7.5 0.2
高安 1591798283030 33.9 0.2
高安 1591798284031 17.0 0.8
高安 1591798285040 30.5 0.6
高安 1591798286050 6.7 0.5
高安 1591798287052 14.5 0.7
高安 1591798288063 29.1 0.3
高安 1591854259727 29.1 0.6
高安 1591854260762 20.2 0.5
高安 1591854261762 11.2 0.4
高安 1591854262762 10.5 0.7
高安 1591854263763 28.5 0.7
高安 1591854264763 38.2 0.6
高安 1591854265764 -7.0 0.2
高安 1591854266766 32.4 0.3
高安 1591854267766 8.7 0.5
高安 1591854268767 36.4 0.2
高安 1591854269767 -3.1 0.8
高安 1591854270768 -2.6 0.7
高安 1591854271770 8.9 0.4
高安 1591854272771 -6.6 0.7
高安 1591854273772 19.9 0.2
高安 1591854274772 32.0 0.3
高安 1591854275773 0.7 0.8
高安 1591854276773 3.3 0.8
高安 1591854277774 -4.6 0.2
高安 1591854278775 14.7 0.4
高安 1591854279776 9.7 0.8
高安 1591854280779 -5.1 0.3
高安 1591854281780 -1.1 0.3
高安 1591854282781 13.3 0.3
高安 1591854283781 36.1 0.5
高安 1591854284782 -5.6 0.5
高安 1591854285782 18.2 0.2
高安 1591854286783 1.0 0.3
高安 1591854287785 -3.2 0.7
高安 1591854288786 37.3 0.7
高安 1591854289787 -1.9 0.3
高安 1591854290788 18.5 0.5
高安 1591854291790 34.0 0.3
高安 1591854292792 -3.3 0.6
高安 1591854293793 24.1 0.5
高安 1591854294794 14.5 0.5
高安 1591854295796 37.9 0.6
高安 1591854296797 32.1 0.5
高安 1591854297798 -2.8 0.3
高安 1591854298799 30.6 0.3
高安 1591854299800 29.9 0.4
高安 1591854300802 36.3 0.4
高安 1591854301803 12.0 0.4
高安 1591854302807 32.0 0.4
高安 1591854303809 22.6 0.3
高安 1591854304809 20.1 0.3
高安 1591854305809 -3.8 0.6
高安 1591854306810 -6.8 0.3
高安 1591854307813 14.4 0.6
高安 1591854308815 26.1 0.3
高安 1591854309815 7.8 0.6
高安 1591854310817 29.6 0.6
高安 1592528613161 13.4 0.7
高安 1592528614198 16.7 0.4
高安 1592528615199 29.9 0.7
高安 1592528616200 27.7 0.3
高安 1592528617200 24.3 0.5
高安 1592528618201 7.2 0.5
高安 1592528619201 23.7 0.3
高安 1592528620202 9.4 0.5
高安 1592528621204 6.1 0.4
高安 1592528622205 26.4 0.8
高安 1592528623205 18.7 0.7
高安 1592528624205 12.5 0.3
高安 1592528625207 -0.4 0.8
高安 1592528626207 -2.2 0.2
高安 1592528627208 12.3 0.6
高安 1592528628208 25.6 0.6
高安 1592528629209 9.6 0.6
高安 1592528630210 32.5 0.7
高安 1592528631210 6.1 0.8
高安 1592528632211 10.4 0.5
高安 1592528633212 37.7 0.7
高安 1592718243396 27.6 0.6
高安 1592718244449 32.2 0.4
高安 1592718245451 -3.9 0.7
高安 1592718246451 31.1 0.6
高安 1592718247452 10.1 0.7
高安 1592718248454 -4.6 0.3
高安 1592718249455 33.5 0.8
高安 1592718250456 19.1 0.4
高安 1592718251457 38.7 0.4
高安 1592718252458 12.2 0.8
高安 1592718253459 38.1 0.2
高安 1592718254460 17.8 0.8
高安 1592718255462 29.7 0.6
高安 1592718256463 -4.7 0.2
高安 1592718309828 39.4 0.4
高安 1592718310830 17.1 0.3
高安 1592718311831 35.4 0.7
高安 1592718312831 33.6 0.7
高安 1592718313831 32.1 0.8
高安 1592718314832 1.2 0.8
高安 1592718315832 13.7 0.2
高安 1592718316834 19.6 0.2
高安 1592718317837 17.1 0.7
