南昌 1591336637309 18.2 0.7
南昌 1591336638338 30.5 0.6
南昌 1591336639338 10.7 0.7
南昌 1591336640341 -6.3 0.5
南昌 1591336641341 6.6 0.4
南昌 1591336642341 35.3 0.8
南昌 1591336643341 14.4 0.2
南昌 1591336644342 22.4 0.6
南昌 1591336645342 10.6 0.3
南昌 1591336646344 25.6 0.8
南昌 1591336647345 15.9 0.4
南昌 1591336648345 32.6 0.6
南昌 1591336649346 -5.3 0.4
南昌 1591336650347 33.4 0.8
南昌 1591336651348 9.5 0.6
南昌 1591336652348 -4.9 0.3
南昌 1591336653349 19.3 0.3
南昌 1591336654350 -8.6 0.6
南昌 1591336655350 9.8 0.4
南昌 1591421613074 4.7 0.3
南昌 1591421614118 25.4 0.5
南昌 1591421615119 23.2 0.2
南昌 1591421616120 21.6 0.6
南昌 1591421617121 22.0 0.8
南昌 1591421618121 16.8 0.4
南昌 1591421619122 -4.4 0.5
南昌 1591421620123 3.9 0.3
南昌 1591421621124 -0.7 0.4
南昌 1591421622125 -6.2 0.6
南昌 1591421623126 0.4 0.8
南昌 1591421624126 18.0 0.3
南昌 1591421625127 -1.6 0.7
南昌 1591421626127 6.2 0.4
南昌 1591421669045 11.8 0.7
南昌 1591421670076 10.1 0.6
南昌 1591421671076 32.4 0.7
南昌 1591421672077 -7.5 0.6
南昌 1591421673078 17.5 0.7
南昌 1591421674080 13.3 0.2
南昌 1591421675081 27.5 0.3
南昌 1591421676082 -5.7 0.7
南昌 1591421677083 12.6 0.6
南昌 1591421678084 2.3 0.2
南昌 1591421679084 29.5 0.7
南昌 1591421680086 39.9 0.5
南昌 1591421681086 35.5 0.4
南昌 1591421682086 31.8 0.6
南昌 1591421683087 20.9 0.4
南昌 1591421684087 4.0 0.7
南昌 1591421685087 31.0 0.4
南昌 1591421686088 -7.0 0.5
南昌 1591421687089 5.2 0.6
南昌 1591421688090 -1.9 0.3
南昌 1591421689091 14.6 0.8
南昌 1591421690091 5.2 0.7
南昌 1591421691093 39.5 0.4
南昌 1591421692093 28.6 0.6
南昌 1591421693094 36.7 0.4
南昌 1591421694094 -8.9 0.4
南昌 1591421695095 34.6 0.6
南昌 1591421696096 35.8 0.5
南昌 1591421697098 13.9 0.4
南昌 1591421698099 33.9 0.2
南昌 1591421699099 -4.6 0.4
南昌 1591421700101 1.8 0.8
南昌 1591421701101 4.6 0.8
南昌 1591421702102 39.8 0.7
南昌 1591421703104 37.5 0.7
南昌 1591421704104 33.6 0.5
南昌 1591421705105 -9.0 0.3
南昌 1591421706106 37.4 0.7
南昌 1591421707106 34.1 0.5
南昌 1591421708106 2.0 0.7
南昌 1591421709107 8.8 0.3
南昌 1591421710107 7.7 0.7
南昌 1591421711108 21.9 0.7
南昌 1591421712108 4.7 0.3
南昌 1591421713109 -2.3 0.5
南昌 1591421714109 -3.1 0.3
南昌 1591421715111 35.0 0.7
南昌 1591421716111 14.2 0.6
南昌 1591421717112 9.8 0.5
南昌 1591421718112 11.7 0.8
南昌 1591421719113 3.8 0.6
南昌 1591421720114 2.8 0.7
南昌 1591421721114 24.3 0.4
南昌 1591421722115 38.4 0.5
南昌 1591421723117 5.0 0.5
南昌 1591421724118 -2.4 0.6
南昌 1591421725118 25.8 0.6
南昌 1591421726118 29.3 0.6
南昌 1591421727120 4.7 0.4
南昌 1591421728121 6.8 0.5
南昌 1591421729122 -9.5 0.8
南昌 1591421730125 34.6 0.4
南昌 1591421731126 30.9 0.5
南昌 1591421732126 30.7 0.8
南昌 1591421733126 2.3 0.6
南昌 1591421734127 3.0 0.7
南昌 1591421735127 10.5 0.3
南昌 1591421736127 7.2 0.4
南昌 1591421816225 -4.2 0.3
南昌 1591421817262 37.8 0.4
南昌 1591421818263 16.6 0.5
南昌 1591421819265 5.0 0.5
南昌 1591421820265 -0.4 0.6
南昌 1591421821265 18.9 0.6
南昌 1591421822265 2.6 0.6
南昌 1591421823266 29.6 0.3
南昌 1591421824266 11.4 0.3
南昌 1591421825268 -2.1 0.6
南昌 1591421826269 38.3 0.8
南昌 1591421827269 1.4 0.6
南昌 1591421828270 -7.6 0.6
南昌 1591421829270 -4.4 0.8
南昌 1591421830270 8.8 0.4
南昌 1591421831271 13.6 0.4
南昌 1591421832271 5.7 0.7
南昌 1591421833271 36.8 0.5
南昌 1591421834272 13.9 0.6
南昌 1591421835273 -2.8 0.8
南昌 1591421836273 12.8 0.4
南昌 1591421837275 10.0 0.6
南昌 1591421838275 21.5 0.8
南昌 1591421839276 38.8 0.3
南昌 1591421840276 -1.9 0.8
南昌 1591421841277 13.3 0.6
南昌 1591421842278 30.3 0.2
南昌 1591421843278 -5.2 0.7
南昌 1591421844279 17.2 0.6
南昌 1591421845279 -3.4 0.5
南昌 1591421846280 24.4 0.7
南昌 1591421847281 29.4 0.3
南昌 1591421848282 0.5 0.5
南昌 1591421849282 2.1 0.5
南昌 1591421850284 15.9 0.6
南昌 1591421851284 36.5 0.4
南昌 1591421852286 39.4 0.2
南昌 1591421853287 38.1 0.5
南昌 1591421854287 4.0 0.3
南昌 1591421855287 -8.3 0.7
南昌 1591421856288 11.1 0.3
南昌 1591421857290 8.2 0.5
南昌 1591421858290 3.6 0.5
南昌 1591421859290 13.8 0.7
南昌 1591421860291 -7.6 0.6
南昌 1591421861292 1.5 0.7
南昌 1591421862292 29.4 0.5
南昌 1591421863293 13.5 0.4
南昌 1591421864294 6.0 0.3
南昌 1591421865294 15.9 0.3
南昌 1591421866295 21.6 0.4
南昌 1591421867295 14.7 0.4
南昌 1591421868295 2.0 0.6
南昌 1591421869295 10.3 0.4
南昌 1591421870296 15.7 0.5
南昌 1591421871296 12.2 0.7
南昌 1591421872297 1.3 0.4
南昌 1591421873298 4.5 0.3
南昌 1591421874298 24.1 0.8
南昌 1591421875299 31.2 0.3
南昌 1591421876299 39.8 0.5
南昌 1591421877300 30.3 0.6
南昌 1591421878302 28.9 0.4
南昌 1591421879303 10.9 0.3
南昌 1591421880304 14.1 0.3
南昌 1591421881304 16.1 0.7
南昌 1591421882305 9.3 0.3
南昌 1591421883305 15.2 0.6
南昌 1591421884306 20.1 0.6
南昌 1591421885306 23.3 0.6
南昌 1591421886307 2.6 0.3
南昌 1591421887307 20.0 0.5
南昌 1591421888308 26.0 0.5
南昌 1591421889309 24.1 0.7
南昌 1591421890310 29.8 0.4
南昌 1591421891310 2.8 0.4
南昌 1591421892311 12.5 0.5
南昌 1591421893311 29.8 0.3
南昌 1591421894312 -8.1 0.4
南昌 1591421895312 -1.9 0.6
南昌 1591421896312 38.0 0.8
南昌 1591421897313 -8.4 0.7
南昌 1591421898314 27.3 0.4
南昌 1591421899315 24.1 0.7
南昌 1591421900315 6.3 0.7
南昌 1591421901316 29.6 0.7
南昌 1591421902317 37.9 0.4
南昌 1591421903318 -4.8 0.5
南昌 1591421904318 37.5 0.6
南昌 1591421905320 7.6 0.3
南昌 1591421906321 23.3 0.5
南昌 1591421907323 10.1 0.3
南昌 1591421908323 9.9 0.6
南昌 1591421909324 36.9 0.5
南昌 1591421910324 35.7 0.6
南昌 1591421911325 -6.7 0.3
南昌 1591421912326 37.1 0.3
南昌 1591421913326 15.9 0.3
南昌 1591421914327 25.0 0.3
南昌 1591421915327 7.4 0.4
南昌 1591421916328 31.4 0.7
南昌 1591421917328 0.1 0.8
南昌 1591421963599 14.1 0.3
南昌 1591421964600 14.2 0.4
南昌 1591421965601 4.0 0.2
南昌 1591421966601 20.5 0.4
南昌 1591421967601 25.3 0.6
南昌 1591421968602 32.6 0.4
南昌 1591421969603 29.2 0.8
南昌 1591421970605 15.0 0.3
南昌 1591421971606 -8.1 0.2
南昌 1591421972606 -8.8 0.5
南昌 1591421973607 32.6 0.8
南昌 1591421974608 9.2 0.6
南昌 1591421975609 -7.8 0.2
南昌 1591421976609 -0.5 0.5
南昌 1591421977611 1.1 0.3
南昌 1591421978611 14.7 0.5
南昌 1591421979613 -5.6 0.6
南昌 1591421980613 -6.5 0.2
南昌 1591421981613 25.0 0.4
南昌 1591421982614 23.6 0.3
南昌 1591421983615 23.1 0.4
南昌 1591421984615 31.0 0.5
南昌 1591421985616 -7.4 0.3
南昌 1591421986616 30.6 0.6
南昌 1591421987617 16.7 0.3
南昌 1591421988617 9.6 0.5
南昌 1591421989619 15.6 0.8
南昌 1591421990620 -1.5 0.7
南昌 1591421991621 24.5 0.7
南昌 1591421992622 5.4 0.7
南昌 1591421993622 20.5 0.3
南昌 1591421994622 0.3 0.6
南昌 1591421995623 30.1 0.4
南昌 1591421996623 17.4 0.8
南昌 1591421997624 -2.1 0.7
南昌 1591421998624 26.6 0.6
南昌 1591421999626 -7.3 0.2
南昌 1591422000626 31.9 0.4
南昌 1591422001627 12.0 0.3
南昌 1591422002628 26.6 0.3
南昌 1591422003629 -1.3 0.8
南昌 1591422004629 38.9 0.3
南昌 1591422005630 31.6 0.5
南昌 1591422006631 13.5 0.3
南昌 1591422007631 16.7 0.6
南昌 1591422008631 12.2 0.8
南昌 1591422009632 -1.4 0.2
南昌 1591422010633 4.2 0.7
南昌 1591422011633 19.3 0.8
南昌 1591422012633 32.1 0.4
南昌 1591422013633 17.7 0.4
南昌 1591422014634 -5.2 0.3
南昌 1591422015635 6.8 0.4
南昌 1591422376779 9.7 0.7
南昌 1591422377812 -7.0 0.4
南昌 1591422378812 -0.1 0.4
南昌 1591422379813 -4.1 0.8
南昌 1591422380813 7.0 0.7
南昌 1591422381814 16.0 0.6
南昌 1591422382814 24.1 0.3
南昌 1591422383815 13.8 0.6
南昌 1591422384817 1.0 0.7
南昌 1591422385818 31.4 0.3
南昌 1591422386818 8.6 0.4
南昌 1591422387819 19.6 0.6
南昌 1591422388820 27.2 0.3
南昌 1591422389820 -4.2 0.3
南昌 1591422390821 28.0 0.8
南昌 1591422391822 7.8 0.4
南昌 1591422392822 5.8 0.6
南昌 1591422393823 4.3 0.4
南昌 1591422394823 38.4 0.4
南昌 1591422395824 24.4 0.3
南昌 1591422396824 6.7 0.4
南昌 1591422397825 -1.3 0.7
南昌 1591422398825 6.3 0.3
南昌 1591422399825 32.1 0.7
南昌 1591422400825 33.2 0.7
南昌 1591422401826 2.6 0.5
南昌 1591422402827 18.5 0.3
南昌 1591422403827 1.9 0.4
南昌 1591422404828 39.1 0.4
南昌 1591422405828 8.3 0.7
南昌 1591422406830 22.2 0.6
南昌 1591422407830 32.8 0.7
南昌 1591422408832 -7.9 0.2
南昌 1591422409832 2.3 0.8
南昌 1591422410833 38.4 0.4
南昌 1591422411833 5.1 0.3
南昌 1591422412834 -7.6 0.6
南昌 1591422413834 12.9 0.4
南昌 1591422414835 2.4 0.6
南昌 1591422415836 27.6 0.2
南昌 1591422416836 7.1 0.4
南昌 1591422417836 12.3 0.4
南昌 1591422418837 0.9 0.2
南昌 1591422419838 24.0 0.4
南昌 1591422420839 36.3 0.8
南昌 1591422421839 39.7 0.3
南昌 1591422422840 38.3 0.3
南昌 1591422423842 -7.6 0.4
南昌 1591422424842 -2.4 0.3
南昌 1591422425843 2.1 0.5
南昌 1591422426844 38.6 0.8
南昌 1591422427845 23.4 0.4
南昌 1591422428845 13.5 0.6
南昌 1591422429845 27.2 0.2
南昌 1591422430846 29.5 0.7
南昌 1591422431848 26.6 0.4
南昌 1591422432848 34.5 0.3
南昌 1591422433849 33.1 0.6
南昌 1591422434849 23.3 0.4
南昌 1591422435850 8.4 0.4
南昌 1591422436850 7.7 0.5
南昌 1591422437851 18.0 0.8
南昌 1591422438855 -5.7 0.7
南昌 1591422439855 -3.6 0.7
南昌 1591422440856 13.0 0.6
南昌 1591422441856 -1.7 0.6
南昌 1591422442857 38.9 0.3
南昌 1591422443858 31.0 0.2
南昌 1591422444858 20.3 0.5
南昌 1591422445858 1.0 0.3
南昌 1591422446859 32.5 0.5
南昌 1591422447860 31.8 0.4
南昌 1591422448860 3.4 0.7
南昌 1591422449861 -5.1 0.7
南昌 1591422450862 22.8 0.6
南昌 1591422451863 39.5 0.5
南昌 1591422452864 34.3 0.2
南昌 1591422453865 39.0 0.7
南昌 1591422454866 34.3 0.7
南昌 1591422455867 10.0 0.6
南昌 1591422456868 35.8 0.8
南昌 1591422457869 36.2 0.5
南昌 1591422458869 8.8 0.4
南昌 1591422459870 35.7 0.7
南昌 1591422460871 16.6 0.7
南昌 1591422461871 -9.2 0.8
南昌 1591422462872 4.9 0.4
南昌 1591422463873 -6.9 0.4
南昌 1591422464874 15.5 0.4
南昌 1591422465874 -10.0 0.2
南昌 1591422466875 -3.6 0.5
南昌 1591422467876 15.6 0.3
南昌 1591422468876 28.8 0.7
南昌 1591422469877 12.5 0.7
南昌 1591422470878 25.3 0.2
南昌 1591422471878 1.0 0.6
南昌 1591422472879 9.1 0.4
南昌 1591422473879 28.5 0.7
南昌 1591422474880 -6.4 0.6
南昌 1591422475880 0.1 0.4
南昌 1591422476881 26.5 0.7
南昌 1591422477882 21.6 0.4
南昌 1591422478882 18.1 0.6
南昌 1591422479883 11.3 0.6
南昌 1591422480884 8.6 0.3
南昌 1591422481885 8.7 0.4
南昌 1591422482886 31.8 0.3
南昌 1591422483886 10.5 0.4
南昌 1591422484888 25.8 0.5
南昌 1591422485889 37.1 0.2
南昌 1591422486889 -4.9 0.5
南昌 1591422487889 30.9 0.5
南昌 1591422488890 33.4 0.6
南昌 1591422489890 38.7 0.3
南昌 1591422490891 6.1 0.3
南昌 1591422491891 22.8 0.2
南昌 1591422492891 36.2 0.3
南昌 1591422493892 -6.1 0.7
南昌 1591422494893 -1.8 0.5
南昌 1591422495893 5.3 0.7
南昌 1591422496893 13.5 0.6
南昌 1591422497895 29.4 0.3
南昌 1591422498896 5.8 0.7
南昌 1591422499896 33.1 0.4
南昌 1591422500897 22.8 0.2
南昌 1591422501897 31.8 0.6
南昌 1591422502898 18.4 0.7
南昌 1591422503898 0.9 0.3
南昌 1591422504900 30.4 0.7
南昌 1591422505901 10.3 0.7
南昌 1591422506901 26.5 0.3
南昌 1591422507901 33.5 0.6
南昌 1591422508902 24.9 0.5
南昌 1591422509902 -1.7 0.2
南昌 1591422510903 27.6 0.4
南昌 1591422511904 -1.5 0.5
南昌 1591422512906 24.7 0.7
南昌 1591422513906 -7.6 0.8
南昌 1591422514906 15.7 0.6
南昌 1591422515907 20.0 0.3
南昌 1591422516908 33.9 0.5
南昌 1591422517909 38.2 0.5
南昌 1591422518909 10.9 0.6
南昌 1591422519910 15.4 0.6
南昌 1591422520912 24.8 0.2
南昌 1591422521912 38.9 0.2
南昌 1591422522913 -3.6 0.2
南昌 1591422523913 -9.2 0.7
南昌 1591422524913 25.1 0.7
南昌 1591422525913 -6.3 0.2
南昌 1591422526914 38.5 0.8
南昌 1591422527914 10.2 0.3
南昌 1591422528914 -0.7 0.3
南昌 1591422529915 -8.2 0.3
南昌 1591422530915 26.2 0.3
南昌 1591422531915 8.7 0.5
南昌 1591422532916 22.7 0.5
南昌 1591422533916 32.7 0.3
南昌 1591422534917 31.3 0.3
南昌 1591422535917 12.8 0.6
南昌 1591422536917 6.7 0.4
南昌 1591422537918 17.2 0.6
南昌 1591422538919 27.0 0.4
南昌 1591422539920 4.4 0.2
南昌 1591422540921 34.0 0.6
南昌 1591422541921 39.1 0.2
南昌 1591422542921 18.3 0.5
南昌 1591422543921 -2.9 0.2
南昌 1591422544922 29.3 0.7
南昌 1591422545923 -10.0 0.3
南昌 1591422546923 26.5 0.6
南昌 1591422547924 18.3 0.5
南昌 1591422548924 -6.4 0.5
南昌 1591422549925 -7.8 0.7
南昌 1591422550925 30.9 0.2
南昌 1591422551925 -7.7 0.4
南昌 1591422552926 36.8 0.7
南昌 1591422553927 24.4 0.2
南昌 1591422554928 9.7 0.5
南昌 1591422555928 10.7 0.6
南昌 1591422556928 -2.3 0.5
南昌 1591422557930 27.0 0.7
南昌 1591422558931 -3.2 0.7
南昌 1591422559932 -4.8 0.4
南昌 1591422560932 5.6 0.6
南昌 1591422561932 6.1 0.4
南昌 1591422562933 -5.3 0.4
南昌 1591422563934 16.2 0.7
南昌 1591422564934 38.8 0.7
南昌 1591422565935 5.0 0.4
南昌 1591422566936 23.1 0.5
南昌 1591422567937 -8.4 0.5
南昌 1591422568938 29.7 0.3
南昌 1591422569938 -9.5 0.3
南昌 1591422570939 0.7 0.4
南昌 1591422571940 -2.7 0.6
南昌 1591422572940 26.1 0.4
南昌 1591422573940 35.8 0.7
南昌 1591422574941 33.0 0.6
南昌 1591422575941 -9.4 0.6
南昌 1591422576941 21.2 0.4
南昌 1591422577941 4.8 0.8
南昌 1591422578942 -1.3 0.4
南昌 1591422579943 -9.2 0.5
南昌 1591422580943 28.6 0.5
南昌 1591422581944 36.0 0.8
南昌 1591422582945 10.4 0.6
南昌 1591422583945 32.5 0.6
南昌 1591422584946 10.2 0.2
南昌 1591422585947 37.6 0.3
南昌 1591422586947 -1.1 0.4
南昌 1591422587948 9.6 0.3
南昌 1591422588949 28.1 0.3
南昌 1591422589950 3.5 0.2
南昌 1591422590950 36.8 0.4
南昌 1591422591950 34.2 0.4
南昌 1591422592951 25.2 0.3
南昌 1591422593951 8.9 0.3
南昌 1591422594952 17.1 0.7
南昌 1591422595952 0.6 0.5
南昌 1591422596953 -0.8 0.5
南昌 1591422597953 16.9 0.5
南昌 1591422598954 3.8 0.3
南昌 1591422599955 15.3 0.4
南昌 1591422600955 -4.7 0.6
南昌 1591422601956 29.8 0.6
南昌 1591422602956 4.0 0.2
南昌 1591422603957 13.6 0.4
南昌 1591422604957 -0.9 0.5
南昌 1591422605959 0.8 0.3
南昌 1591422606959 -1.2 0.7
南昌 1591422607960 35.7 0.6
南昌 1591422608962 16.7 0.3
南昌 1591422609962 18.1 0.7
南昌 1591422610962 -3.8 0.3
南昌 1591422611963 20.8 0.4
南昌 1591422612963 11.5 0.6
南昌 1591422613964 6.0 0.7
南昌 1591422614965 32.7 0.5
南昌 1591422615966 25.4 0.7
南昌 1591422616967 31.0 0.7
南昌 1591422617967 36.5 0.7
南昌 1591422618968 -8.2 0.3
南昌 1591422619969 25.1 0.6
南昌 1591422620969 36.8 0.8
南昌 1591422621970 7.0 0.5
南昌 1591422622971 33.4 0.4
南昌 1591422623972 15.0 0.6
南昌 1591422624973 -3.4 0.6
南昌 1591422625974 35.1 0.2
南昌 1591422626975 28.6 0.5
南昌 1591422627975 -9.6 0.8
南昌 1591422628977 26.2 0.5
南昌 1591422629977 6.6 0.5
南昌 1591422630979 19.3 0.5
南昌 1591422631979 25.0 0.3
南昌 1591422632979 36.4 0.3
南昌 1591422633980 12.6 0.4
南昌 1591422634980 37.3 0.5
南昌 1591422635981 8.4 0.7
南昌 1591422636982 2.1 0.6
南昌 1591422637982 16.3 0.4
南昌 1591422638983 21.6 0.7
南昌 1591422639984 30.3 0.5
南昌 1591422640984 20.0 0.4
南昌 1591422641985 33.2 0.3
南昌 1591422642985 29.3 0.4
南昌 1591422643985 16.2 0.8
南昌 1591422644986 39.5 0.5
南昌 1591422645986 -6.9 0.2
南昌 1591422646986 13.5 0.4
南昌 1591422647987 30.2 0.5
南昌 1591422648988 9.5 0.3
南昌 1591422649988 7.8 0.8
南昌 1591422650990 24.6 0.6
南昌 1591422651990 38.8 0.6
南昌 1591422652991 22.6 0.6
南昌 1591422653993 18.3 0.5
南昌 1591422654994 -7.4 0.2
南昌 1591422655994 36.2 0.5
南昌 1591422656995 5.8 0.7
南昌 1591422657996 24.9 0.5
南昌 1591422658997 -2.3 0.5
南昌 1591422659997 25.8 0.8
南昌 1591422660999 1.9 0.8
南昌 1591422662000 36.2 0.4
南昌 1591422663001 20.1 0.3
南昌 1591422664001 4.8 0.7
南昌 1591422665002 -9.5 0.7
南昌 1591422666002 16.5 0.5
南昌 1591422667003 -1.8 0.7
南昌 1591422668004 36.5 0.7
南昌 1591422669005 -6.4 0.6
南昌 1591422670005 -1.2 0.7
南昌 1591422671006 20.6 0.7
南昌 1591422672006 25.5 0.3
南昌 1591422673006 15.1 0.2
南昌 1591422674006 2.1 0.7
南昌 1591422675007 8.1 0.4
南昌 1591422676008 24.1 0.5
南昌 1591422677008 -9.6 0.2
南昌 1591422678010 37.4 0.7
南昌 1591422679010 8.2 0.6
南昌 1591422680011 26.5 0.8
南昌 1591422681011 -5.1 0.4
南昌 1591422682012 9.0 0.6
南昌 1591422683012 25.3 0.7
南昌 1591422684013 1.3 0.6
南昌 1591422724453 -7.3 0.8
南昌 1591422725482 3.3 0.4
南昌 1591422726484 -6.7 0.7
南昌 1591422727484 36.2 0.7
南昌 1591422728484 21.9 0.7
南昌 1591422729485 31.3 0.3
南昌 1591422730487 -4.7 0.8
南昌 1591422731487 18.7 0.6
南昌 1591422732488 -1.3 0.3
南昌 1591422733489 31.2 0.3
南昌 1591422734490 17.0 0.6
南昌 1591422735491 30.2 0.8
南昌 1591423902853 8.4 0.6
南昌 1591423903888 23.4 0.3
南昌 1591423904888 28.5 0.3
南昌 1591423905889 20.5 0.6
南昌 1591423906889 19.5 0.8
南昌 1591423907889 -0.5 0.5
南昌 1591423908889 -1.8 0.5
南昌 1591423909889 -8.9 0.5
南昌 1591423910890 39.6 0.7
南昌 1591423911890 20.9 0.4
南昌 1591423912890 31.4 0.3
南昌 1591423913891 32.0 0.2
南昌 1591423914892 5.5 0.4
南昌 1591423915893 19.8 0.5
南昌 1591423916894 -4.3 0.4
南昌 1591423917895 8.7 0.5
南昌 1591423918895 -2.3 0.4
南昌 1591423919895 -6.7 0.8
南昌 1591423920896 21.5 0.7
南昌 1591423921896 38.8 0.8
南昌 1591423922897 -6.7 0.2
南昌 1591423923898 -8.8 0.6
南昌 1591423924900 24.8 0.6
南昌 1591423925900 35.4 0.7
南昌 1591423926901 -6.9 0.4
南昌 1591423927902 38.7 0.3
南昌 1591423928903 2.4 0.7
南昌 1591423929904 21.4 0.6
南昌 1591423930905 29.6 0.5
南昌 1591423931906 23.6 0.2
南昌 1591423932906 18.5 0.7
南昌 1591423933907 14.8 0.7
南昌 1591423934907 24.5 0.4
南昌 1591423935908 38.5 0.8
南昌 1591423936908 21.2 0.7
南昌 1591423937908 7.8 0.6
南昌 1591423938908 5.7 0.3
南昌 1591423939909 -7.1 0.2
南昌 1591423940911 22.0 0.6
南昌 1591423941913 16.1 0.7
南昌 1591423942915 22.6 0.3
南昌 1591423943915 26.6 0.6
南昌 1591423944916 11.1 0.3
南昌 1591423945916 33.8 0.4
南昌 1591423946917 3.9 0.6
南昌 1591423947918 8.0 0.5
南昌 1591423948918 23.8 0.6
南昌 1591423949920 -3.7 0.7
南昌 1591423950920 31.2 0.8
南昌 1591423951920 3.5 0.2
南昌 1591423952922 34.2 0.8
南昌 1591423953923 -8.0 0.3
南昌 1591423954923 2.8 0.6
南昌 1591423955923 2.8 0.5
南昌 1591423956923 16.6 0.8
南昌 1591423957924 28.2 0.6
南昌 1591423958925 -3.8 0.6
南昌 1591423959926 -0.9 0.3
南昌 1591423960926 -3.5 0.6
南昌 1591423961927 10.3 0.4
南昌 1591423962928 -8.9 0.3
南昌 1591423963929 39.0 0.5
南昌 1591423964930 29.2 0.3
南昌 1591423965932 8.7 0.5
南昌 1591423966932 9.2 0.8
南昌 1591423967934 25.2 0.3
南昌 1591423968935 21.2 0.5
南昌 1591423969969 -0.1 0.6
南昌 1591423970971 5.3 0.2
南昌 1591423971972 37.9 0.8
南昌 1591423972972 2.6 0.6
南昌 1591423973973 36.8 0.6
南昌 1591423974973 -9.4 0.6
南昌 1591423975973 11.5 0.3
南昌 1591423976975 34.4 0.3
南昌 1591423977976 23.3 0.8
南昌 1591423978976 13.7 0.6
南昌 1591423979976 3.7 0.2
南昌 1591423980976 19.7 0.7
南昌 1591423981977 11.6 0.6
南昌 1591423982977 20.9 0.3
南昌 1591423983978 -6.2 0.3
南昌 1591423984978 11.6 0.6
南昌 1591423985980 -8.0 0.6
南昌 1591423986981 5.2 0.2
南昌 1591423987981 -1.1 0.7
南昌 1591423988981 8.7 0.6
南昌 1591423989983 19.3 0.2
南昌 1591423990983 4.2 0.4
南昌 1591423991984 23.4 0.3
南昌 1591423992984 34.6 0.2
南昌 1591423993985 34.6 0.7
南昌 1591423994986 20.2 0.8
南昌 1591423995987 6.1 0.6
南昌 1591423996988 19.1 0.6
南昌 1591423997988 -8.8 0.4
南昌 1591423998988 -0.6 0.4
南昌 1591423999988 -2.7 0.3
南昌 1591424000988 39.6 0.5
南昌 1591424001989 -2.2 0.5
南昌 1591424002990 6.2 0.3
南昌 1591424003991 25.1 0.7
南昌 1591424004991 -5.9 0.7
南昌 1591424005992 25.4 0.2
南昌 1591424006993 1.1 0.7
南昌 1591424007993 27.0 0.3
南昌 1591424008994 21.8 0.7
南昌 1591424009994 11.0 0.3
南昌 1591424010994 35.6 0.4
南昌 1591424011994 24.6 0.5
南昌 1591424012995 -3.7 0.5
南昌 1591424013996 28.6 0.7
南昌 1591424014996 14.5 0.5
南昌 1591424015996 1.8 0.3
南昌 1591424016997 -1.8 0.3
南昌 1591424017997 8.6 0.6
南昌 1591424018998 30.1 0.3
南昌 1591424019998 2.7 0.4
南昌 1591424020999 17.0 0.3
南昌 1591424021999 34.3 0.5
南昌 1591424023000 6.9 0.4
南昌 1591424024001 32.0 0.3
南昌 1591424025002 18.8 0.4
南昌 1591424026003 20.6 0.3
南昌 1591424027003 39.1 0.6
南昌 1591424028004 28.0 0.5
南昌 1591424029005 -9.3 0.5
南昌 1591424030005 12.4 0.3
南昌 1591424031006 5.1 0.4
南昌 1591424032007 35.2 0.5
南昌 1591424033008 16.9 0.7
南昌 1591424034008 5.8 0.5
南昌 1591424035009 30.7 0.5
南昌 1591424036009 31.7 0.4
南昌 1591424037009 -7.3 0.7
南昌 1591424038009 14.2 0.6
南昌 1591424039010 -7.5 0.3
南昌 1591424040011 34.9 0.7
南昌 1591424041011 8.9 0.4
南昌 1591424042011 17.4 0.8
南昌 1591424043012 14.7 0.3
南昌 1591424044013 29.7 0.8
南昌 1591424045014 36.1 0.2
南昌 1591424046014 0.8 0.3
南昌 1591424047014 39.0 0.5
南昌 1591424048015 12.5 0.7
南昌 1591424049016 0.6 0.7
南昌 1591424050016 29.3 0.3
南昌 1591424051017 29.2 0.6
南昌 1591424052017 5.9 0.4
南昌 1591424053017 17.1 0.4
南昌 1591424054018 34.6 0.4
南昌 1591424055019 10.8 0.7
南昌 1591424056019 23.0 0.3
南昌 1591424057020 2.2 0.7
南昌 1591424075114 8.3 0.4
南昌 1591424076114 2.3 0.5
南昌 1591424077115 10.2 0.2
南昌 1591424078116 27.4 0.8
南昌 1591424079116 37.9 0.3
南昌 1591424080117 -4.8 0.2
南昌 1591424081117 29.0 0.4
南昌 1591424082117 3.8 0.7
南昌 1591424083118 25.1 0.5
南昌 1591424084119 12.0 0.5
南昌 1591424085120 39.1 0.7
南昌 1591424086121 6.1 0.7
南昌 1591424087121 31.0 0.5
南昌 1591424088123 16.8 0.7
南昌 1591424089123 -3.5 0.6
南昌 1591424090123 17.5 0.3
南昌 1591424091123 25.5 0.5
南昌 1591424092124 11.4 0.5
南昌 1591424093124 25.3 0.2
南昌 1591424094125 -3.6 0.4
南昌 1591424095126 14.2 0.7
南昌 1591424096127 -4.5 0.7
南昌 1591424097127 4.2 0.7
南昌 1591424098128 -3.7 0.4
南昌 1591424099129 14.4 0.4
南昌 1591424100130 4.4 0.3
南昌 1591424101131 -8.6 0.6
南昌 1591424102132 -7.1 0.2
南昌 1591424103133 2.0 0.7
南昌 1591424104134 9.2 0.4
南昌 1591424105134 28.4 0.5
南昌 1591424106135 7.4 0.8
南昌 1591424107135 -6.1 0.4
南昌 1591424108136 38.3 0.7
南昌 1591424109137 -8.1 0.3
南昌 1591424110137 16.9 0.7
南昌 1591424111138 -2.0 0.2
南昌 1591424112139 2.3 0.6
南昌 1591424113139 39.7 0.6
南昌 1591424114139 9.4 0.5
南昌 1591424115140 13.6 0.5
南昌 1591424116140 27.0 0.7
南昌 1591424117142 -3.6 0.4
南昌 1591424118142 17.7 0.3
南昌 1591424119143 -9.9 0.3
南昌 1591424120144 38.8 0.5
南昌 1591424121144 16.6 0.7
南昌 1591424122146 0.7 0.4
南昌 1591424123146 5.1 0.4
南昌 1591424124147 0.6 0.6
南昌 1591424125147 19.3 0.6
南昌 1591424126147 29.5 0.6
南昌 1591424127149 13.2 0.8
南昌 1591424128150 -3.8 0.3
南昌 1591424129150 -8.6 0.7
南昌 1591424130151 22.7 0.7
南昌 1591424131151 24.9 0.3
南昌 1591424132151 15.2 0.4
南昌 1591424133152 39.6 0.7
南昌 1591424134152 14.9 0.5
南昌 1591424135153 -6.4 0.4
南昌 1591424136153 33.0 0.3
南昌 1591424137153 20.2 0.8
南昌 1591424138154 19.9 0.4
南昌 1591424139154 3.2 0.4
南昌 1591424140154 24.1 0.7
南昌 1591424141155 6.1 0.4
南昌 1591424142155 6.1 0.2
南昌 1591424143156 21.2 0.6
南昌 1591424144157 30.3 0.5
南昌 1591424145158 9.5 0.4
南昌 1591424146159 -7.4 0.6
南昌 1591424147159 26.7 0.6
南昌 1591424148160 34.1 0.4
南昌 1591424149161 7.2 0.3
南昌 1591424150162 38.5 0.5
南昌 1591424151162 38.2 0.4
南昌 1591424651479 6.3 0.8
南昌 1591424652515 24.4 0.7
南昌 1591424653516 30.0 0.4
南昌 1591424654516 -1.9 0.5
南昌 1591424655516 37.9 0.3
南昌 1591424656517 0.6 0.4
南昌 1591424657518 26.1 0.5
南昌 1591424658518 7.8 0.7
南昌 1591424659518 35.5 0.6
南昌 1591424660518 24.3 0.6
南昌 1591424661519 23.4 0.6
南昌 1591424662520 22.2 0.8
南昌 1591424663521 38.1 0.4
南昌 1591424664521 20.5 0.5
南昌 1591424665522 0.2 0.3
南昌 1591798139398 34.5 0.3
南昌 1591798140437 1.3 0.5
南昌 1591798141438 39.2 0.7
南昌 1591798142438 17.5 0.7
南昌 1591798143439 22.1 0.6
南昌 1591798144440 -0.9 0.3
南昌 1591798145441 26.6 0.7
南昌 1591798146442 -5.3 0.5
南昌 1591798147443 33.5 0.3
南昌 1591798148443 -9.7 0.7
南昌 1591798149444 13.2 0.5
南昌 1591798150445 9.6 0.6
南昌 1591798151446 11.9 0.6
南昌 1591798152447 37.7 0.5
南昌 1591798153447 19.0 0.7
南昌 1591798154448 7.0 0.3
南昌 1591798155448 31.1 0.7
南昌 1591798156448 -8.5 0.7
南昌 1591798157449 37.9 0.2
南昌 1591798158450 1.0 0.2
南昌 1591798159450 -9.1 0.4
南昌 1591798160450 -8.3 0.4
南昌 1591798161450 7.8 0.3
南昌 1591798162451 8.2 0.3
南昌 1591798163451 -4.2 0.5
南昌 1591798164451 3.8 0.7
南昌 1591798264370 -2.8 0.2
南昌 1591798265372 -1.5 0.5
南昌 1591798266373 3.4 0.6
南昌 1591798267373 -0.2 0.3
南昌 1591798268374 38.2 0.8
南昌 1591798269374 39.8 0.2
南昌 1591798270375 6.9 0.3
南昌 1591798271376 -3.9 0.3
南昌 1591798272376 7.6 0.7
南昌 1591798273378 20.6 0.5
南昌 1591798274378 13.2 0.4
南昌 1591798275379 19.5 0.7
南昌 1591798276379 23.9 0.3
南昌 1591798277379 23.4 0.7
南昌 1591798278380 36.2 0.7
南昌 1591798279381 -2.8 0.8
南昌 1591798280381 17.5 0.4
南昌 1591798281381 25.3 0.4
南昌 1591798282381 21.7 0.3
南昌 1591798283383 2.8 0.5
南昌 1591798284384 38.6 0.6
南昌 1591798285385 34.0 0.7
南昌 1591798286393 34.0 0.8
南昌 1591798287396 -6.2 0.3
南昌 1591798288408 -4.2 0.3
南昌 1591854265954 9.6 0.6
南昌 1591854266996 24.5 0.6
南昌 1591854267997 17.8 0.5
南昌 1591854268998 25.8 0.3
南昌 1591854270000 27.6 0.7
南昌 1591854271001 -9.9 0.7
南昌 1591854272002 -6.7 0.6
南昌 1591854273002 19.9 0.5
南昌 1591854274003 31.6 0.4
南昌 1591854275004 16.4 0.7
南昌 1591854276004 -8.3 0.6
南昌 1591854277005 38.9 0.5
南昌 1591854278007 -9.8 0.7
南昌 1591854279009 32.3 0.3
南昌 1591854280010 19.3 0.6
南昌 1591854281013 -1.8 0.2
南昌 1591854282015 21.0 0.3
南昌 1591854283018 27.6 0.8
南昌 1591854284019 20.3 0.6
南昌 1591854285019 21.8 0.4
南昌 1591854286021 13.7 0.7
南昌 1591854287022 18.3 0.7
南昌 1591854288022 10.1 0.7
南昌 1591854289024 11.3 0.8
南昌 1591854290026 23.5 0.6
南昌 1591854291027 17.3 0.2
南昌 1591854292028 20.9 0.6
南昌 1591854293029 18.9 0.6
南昌 1591854294032 26.3 0.4
南昌 1591854295034 11.3 0.5
南昌 1591854296035 10.9 0.8
南昌 1591854297036 36.2 0.5
南昌 1591854298038 19.3 0.8
南昌 1591854299039 10.6 0.2
南昌 1591854300041 -4.9 0.4
南昌 1591854301045 3.0 0.6
南昌 1591854302047 -9.6 0.4
南昌 1591854303049 32.8 0.7
南昌 1591854304050 0.4 0.8
南昌 1591854305051 24.6 0.5
南昌 1591854306054 38.7 0.3
南昌 1591854307056 7.5 0.7
南昌 1591854308058 37.4 0.5
南昌 1591854309058 32.0 0.6
南昌 1591854310060 -0.2 0.8
南昌 1591854311060 -6.3 0.6
南昌 1591854312061 -4.6 0.4
南昌 1591858205630 1.7 0.6
南昌 1591858206668 22.4 0.7
南昌 1591858207671 16.0 0.3
南昌 1591858208673 13.6 0.3
南昌 1591858209674 27.9 0.7
南昌 1591858210675 17.3 0.5
南昌 1591858211676 -2.6 0.4
南昌 1591858212676 0.3 0.6
南昌 1591858213679 5.6 0.7
南昌 1591858214701 9.6 0.3
南昌 1591858215701 11.4 0.7
